{
  "nbformat": 4,
  "nbformat_minor": 0,
  "metadata": {
    "colab": {
      "name": "RotationM2EulerAngle.ipynb",
      "provenance": [],
      "collapsed_sections": [],
      "include_colab_link": true
    },
    "kernelspec": {
      "name": "python2",
      "display_name": "Python 2"
    }
  },
  "cells": [
    {
      "cell_type": "markdown",
      "metadata": {
        "id": "view-in-github",
        "colab_type": "text"
      },
      "source": [
        "<a href=\"https://colab.research.google.com/github/RubeAka/ToolKit/blob/master/RotationM2EulerAngle.ipynb\" target=\"_parent\"><img src=\"https://colab.research.google.com/assets/colab-badge.svg\" alt=\"Open In Colab\"/></a>"
      ]
    },
    {
      "cell_type": "code",
      "metadata": {
        "id": "N5USQUfy-EKa",
        "colab_type": "code",
        "colab": {
          "base_uri": "https://localhost:8080/",
          "height": 629
        },
        "cellView": "form",
        "outputId": "98ee630c-43ab-419e-cb45-84339ae42826"
      },
      "source": [
        "#@title Calibration Data Converter\n",
        "##@markdown Forms support many types of fields.\n",
        "\n",
        "rotation = [0.999772466, 0.0213296967, 0.00024391797,          -0.0213309585, 0.999660515, 0.0149614541,          0.00007528812, -0.0149632529, 0.999888041]#@param\n",
        "translation = [-63.12241111, 2.79246847, 1.92997491]  #@param\n",
        "#string_type = 'example'  #@param {type: \"string\"}\n",
        "#slider_value = 142  #@param {type: \"slider\", min: 100, max: 200}\n",
        "#number = 102  #@param {type: \"number\"}\n",
        "#date = '2010-11-05'  #@param {type: \"date\"}\n",
        "#pick_me = \"monday\"  #@param ['monday', 'tuesday', 'wednesday', 'thursday']\n",
        "#select_or_input = \"apples\" #@param [\"apples\", \"bananas\", \"oranges\"] {allow-input: true}\n",
        "#@markdown ---\n",
        "\n",
        "#@title\n",
        "import numpy as np\n",
        "import math\n",
        "\n",
        "RAD2DEG = 180.0 / 3.14159265358979323846;\n",
        "\n",
        "# Checks if a matrix is a valid rotation matrix.\n",
        "def isRotationMatrix(R) :\n",
        "    Rt = np.transpose(R)\n",
        "    shouldBeIdentity = np.dot(Rt, R)\n",
        "    I = np.identity(3, dtype = R.dtype)\n",
        "    n = np.linalg.norm(I - shouldBeIdentity)\n",
        "    return n < 1e-6\n",
        " \n",
        " \n",
        "# Calculates rotation matrix to euler angles\n",
        "# The result is the same as MATLAB except the order\n",
        "# of the euler angles ( x and z are swapped ).\n",
        "def rotationMatrixToEulerAngles(R) :\n",
        " \n",
        "    assert(isRotationMatrix(R))\n",
        "     \n",
        "    sy = math.sqrt(R[0,0] * R[0,0] +  R[1,0] * R[1,0])\n",
        "     \n",
        "    singular = sy < 1e-6\n",
        " \n",
        "    if  not singular :\n",
        "        x = math.atan2(R[2,1] , R[2,2])\n",
        "        y = math.atan2(-R[2,0], sy)\n",
        "        z = math.atan2(R[1,0], R[0,0])\n",
        "    else :\n",
        "        x = math.atan2(-R[1,2], R[1,1])\n",
        "        y = math.atan2(-R[2,0], sy)\n",
        "        z = 0\n",
        " \n",
        "    return np.array([x, y, z])\n",
        "\n",
        "def createTransformationMatrix44(R, T) :\n",
        "  assert(isRotationMatrix(R))\n",
        "\n",
        "  T = T.reshape((3,1))\n",
        "  transform = np.hstack((R, T))\n",
        "  transform = np.vstack((transform,np.asarray([0, 0, 0, 1])))\n",
        "\n",
        "  return transform\n",
        "\n",
        "def rprint(TAG, MSG) :\n",
        "  print(TAG + \":\\n\" + str(MSG) + \"\\n\")\n",
        "\n",
        "rotation = np.asarray(rotation)\n",
        "translation = np.asarray(translation)\n",
        "\n",
        "\n",
        "#rotation = np.asarray([0.999772466, 0.0213296967, 0.00024391797,\n",
        "        #  -0.0213309585, 0.999660515, 0.0149614541,\n",
        "        #  0.00007528812, -0.0149632529, 0.999888041])\n",
        "#translation = np.asarray([-63.12241111, 2.79246847, 1.92997491])\n",
        "\n",
        "print(\"rotation array :\\n\" + str(rotation) + \"\\n\")\n",
        "print(\"translation array :\\n\" + str(translation) + \"\\n\")\n",
        "\n",
        "rotation = rotation.reshape((3,3))\n",
        "#rotation = np.linalg.inv(rotation)  # Do inversion\n",
        "print(\"rotation matrix :\\n\" + str(rotation) + \"\\n\")\n",
        "\n",
        "transform = createTransformationMatrix44(rotation, translation)\n",
        "# translation = translation.reshape((3,1))\n",
        "# transform = np.hstack((rotation, translation))\n",
        "# transform = np.vstack((transform,np.asarray([0, 0, 0, 1])))\n",
        "\n",
        "rprint(\"transform\", transform)\n",
        "\n",
        "transform = np.linalg.inv(transform)  # Do inversion\n",
        "\n",
        "rprint(\"inv transform\", transform)\n",
        "\n",
        "rotation = transform[0:3,0:3]\n",
        "rprint(\"new rotation\", rotation)\n",
        "\n",
        "translation = transform[0:3,3:4].transpose()\n",
        "rprint(\"new translation\", translation)\n",
        "\n",
        "result = rotationMatrixToEulerAngles(rotation)\n",
        "#print(\"euler angle(RAD):\\n\" + str(result) + \"\\n\")\n",
        "\n",
        "result *= RAD2DEG\n",
        "\n",
        "print(\"euler angle:\\n\" + str(result) + \"\\n\")"
      ],
      "execution_count": 62,
      "outputs": [
        {
          "output_type": "stream",
          "text": [
            "rotation array :\n",
            "[ 9.99772466e-01  2.13296967e-02  2.43917970e-04 -2.13309585e-02\n",
            "  9.99660515e-01  1.49614541e-02  7.52881200e-05 -1.49632529e-02\n",
            "  9.99888041e-01]\n",
            "\n",
            "translation array :\n",
            "[-63.12241111   2.79246847   1.92997491]\n",
            "\n",
            "rotation matrix :\n",
            "[[ 9.99772466e-01  2.13296967e-02  2.43917970e-04]\n",
            " [-2.13309585e-02  9.99660515e-01  1.49614541e-02]\n",
            " [ 7.52881200e-05 -1.49632529e-02  9.99888041e-01]]\n",
            "\n",
            "transform:\n",
            "[[ 9.99772466e-01  2.13296967e-02  2.43917970e-04 -6.31224111e+01]\n",
            " [-2.13309585e-02  9.99660515e-01  1.49614541e-02  2.79246847e+00]\n",
            " [ 7.52881200e-05 -1.49632529e-02  9.99888041e-01  1.92997491e+00]\n",
            " [ 0.00000000e+00  0.00000000e+00  0.00000000e+00  1.00000000e+00]]\n",
            "\n",
            "inv transform:\n",
            "[[ 9.99772467e-01 -2.13309585e-02  7.52881147e-05  6.31674694e+01]\n",
            " [ 2.13296967e-02  9.99660515e-01 -1.49632529e-02 -1.41625988e+00]\n",
            " [ 2.43917966e-04  1.49614541e-02  9.99888042e-01 -1.95614153e+00]\n",
            " [ 0.00000000e+00  0.00000000e+00  0.00000000e+00  1.00000000e+00]]\n",
            "\n",
            "new rotation:\n",
            "[[ 9.99772467e-01 -2.13309585e-02  7.52881147e-05]\n",
            " [ 2.13296967e-02  9.99660515e-01 -1.49632529e-02]\n",
            " [ 2.43917966e-04  1.49614541e-02  9.99888042e-01]]\n",
            "\n",
            "new translation:\n",
            "[[63.16746939 -1.41625988 -1.95614153]]\n",
            "\n",
            "euler angle:\n",
            "[ 0.85726019 -0.01397547  1.22219432]\n",
            "\n"
          ],
          "name": "stdout"
        }
      ]
    }
  ]
}